0 62 19 19 21 27 18 26 
1 14 21 15 12 26 0 27 
2 10 22 30 26 20 29 12 
3 58 21 29 24 26 33 5 
4 45 21 6 18 26 23 19 
5 47 25 29 1 9 10 27 
6 68 23 17 33 7 5 34 
7 22 27 34 10 23 38 19 
8 28 27 35 32 27 33 21 
9 4 26 2 34 32 14 37 
10 48 28 10 6 38 25 18 
11 17 29 31 37 10 5 25 
12 24 28 26 33 37 7 14 
13 8 27 28 1 14 10 32 
14 29 30 6 25 33 3 5 
15 47 32 18 28 5 31 37 
16 52 31 5 18 29 20 28 
17 66 30 10 14 25 1 13 
18 15 28 18 21 10 34 35 
19 17 29 16 10 7 5 8 
20 27 35 7 37 5 2 16 
21 14 32 14 5 20 32 34 
22 42 34 21 28 3 37 2 
23 66 31 12 5 1 28 9 
24 23 33 21 13 30 29 20 
25 5 33 35 13 21 33 1 
26 17 34 13 29 27 22 25 
27 16 32 35 20 30 27 16 
28 20 29 33 15 34 4 16 
29 47 32 5 31 14 30 11 
30 18 31 8 5 20 39 0 
31 60 34 12 24 34 35 4 
32 28 36 34 2 4 20 16 
33 25 34 12 38 34 8 25 
34 24 36 24 37 0 7 34 
35 64 37 37 5 35 36 13 
36 19 37 37 17 5 32 0 
37 17 38 2 6 26 13 36 
38 56 35 9 39 0 34 3 
39 35 35 17 36 20 21 33 
40 67 37 1 5 39 0 12 
41 38 37 14 25 18 12 26 
42 11 37 22 20 2 37 17 
43 14 36 16 18 17 29 0 
44 5 30 28 21 4 23 3 
45 62 35 30 38 11 10 18 
46 36 34 39 5 20 12 24 
47 7 35 0 15 39 13 5 
48 61 35 0 37 36 34 13 
49 16 37 35 7 31 11 27 
50 41 37 32 4 8 12 37 
51 68 37 38 4 3 14 22 
52 57 36 17 35 24 28 2 
53 19 39 20 1 7 0 17 
54 30 38 12 28 16 0 30 
55 56 37 34 25 38 13 16 
56 38 40 34 15 0 1 4 
57 3 38 30 11 34 1 39 
58 17 40 10 13 1 7 20 
59 74 39 15 36 39 22 35 
60 25 38 50 15 32 0 9 
61 33 39 36 32 7 2 34 
62 6 39 31 11 0 37 39 
63 36 39 3 36 35 17 19 
64 20 37 36 17 33 11 37 
65 5 37 0 21 19 6 24 
66 8 37 26 28 33 2 31 
67 50 37 25 3 33 11 28 
68 72 40 16 26 4 31 2 
69 56 40 5 26 33 7 29 
70 22 41 17 36 33 20 6 
71 24 41 17 3 25 2 39 
72 42 41 17 2 18 3 39 
73 54 37 13 27 29 20 10 
74 38 37 12 10 29 13 39 
75 6 37 23 34 18 1 32 
76 35 37 21 24 5 18 2 
77 14 37 12 4 2 3 11 
78 36 36 57 12 29 7 21 
79 46 35 8 19 12 3 23 
80 27 36 27 15 34 29 3 
81 13 37 9 37 13 32 21 
82 38 36 17 21 34 11 13 
83 46 36 23 4 34 16 31 
84 67 40 11 25 38 12 29 
85 65 40 2 27 15 26 18 
86 20 39 28 9 27 23 12 
87 14 39 22 11 10 34 6 
88 11 40 27 37 14 8 36 
89 11 39 6 10 37 19 12 
90 2 40 14 37 22 18 20 
91 24 39 5 14 4 10 32 
92 48 39 33 31 22 25 26 
93 2 41 22 7 23 5 36 
94 28 39 28 6 10 15 35 
95 50 38 13 38 2 0 10 
96 58 40 11 28 0 17 38 
97 60 42 13 17 19 23 6 
98 5 41 0 31 10 24 22 
99 19 42 30 17 36 20 29 
100 4 42 30 16 4 10 17 
101 4 40 13 19 16 39 8 
102 14 40 15 16 27 18 17 
103 19 38 36 6 13 16 35 
104 43 38 4 5 13 19 1 
105 40 43 1 27 13 38 21 
106 63 40 38 31 22 27 35 
107 53 41 5 68 35 21 30 
108 54 40 24 33 22 7 36 
109 53 40 55 0 2 16 8 
110 38 40 33 3 9 35 12 
111 17 41 4 32 34 0 16 
112 27 41 11 20 34 8 12 
113 34 41 31 8 39 14 2 
114 27 41 31 6 39 2 8 
115 65 43 39 25 23 35 36 
116 27 40 17 16 37 26 12 
117 10 43 19 32 6 37 9 
118 57 40 3 2 17 27 36 
119 66 41 6 17 25 11 24 
120 71 42 3 19 7 30 36 
121 43 40 11 10 23 29 4 
122 18 39 6 11 37 33 25 
123 66 39 17 15 28 14 36 
124 59 40 2 28 12 3 36 
125 17 45 6 21 30 3 36 
126 28 42 28 12 20 13 30 
127 69 42 29 4 20 9 12 
128 53 45 39 33 16 7 37 
129 20 44 3 20 34 37 9 
130 48 44 3 22 31 26 16 
131 11 43 27 28 39 2 9 
132 21 41 39 3 16 21 29 
133 12 38 26 23 13 33 5 
134 63 40 19 39 32 12 37 
135 30 40 19 39 9 27 1 
136 70 41 32 12 15 4 26 
137 64 40 29 32 7 17 24 
138 5 41 11 36 37 13 8 
139 46 40 21 35 17 23 19 
140 50 39 35 13 14 18 6 
141 74 37 36 0 11 3 20 
142 57 38 1 11 9 15 3 
143 59 40 13 9 35 26 38 
144 39 39 16 24 6 19 3 
145 28 37 1 38 16 15 14 
146 70 43 12 13 4 32 7 
147 43 43 12 10 1 3 23 
148 40 42 13 12 20 31 0 
149 71 43 17 29 13 3 23 
150 59 43 6 39 24 2 13 
151 59 43 6 7 3 18 19 
152 14 43 6 27 1 19 22 
153 58 43 25 36 4 29 7 
154 58 44 36 7 14 21 38 
155 3 41 36 34 8 19 27 
156 54 42 5 33 20 28 23 
157 47 40 2 26 10 30 8 
158 32 41 29 37 32 25 28 
159 42 42 10 38 5 29 9 
160 22 43 0 19 36 1 13 
161 6 45 36 39 24 11 31 
162 27 43 12 27 36 17 8 
163 44 40 39 23 15 0 11 
164 33 41 28 15 27 32 9 
165 15 43 35 19 13 9 38 
166 53 41 2 15 27 10 32 
167 29 41 0 18 6 7 8 
168 45 41 32 10 4 6 17 
169 49 42 10 35 32 20 12 
170 12 42 10 18 12 3 19 
171 37 43 35 3 23 0 21 
172 38 46 29 7 33 11 5 
173 26 44 9 20 35 25 0 
174 40 45 10 11 35 38 5 
175 40 44 1 10 17 36 23 
176 28 44 7 32 17 37 21 
177 8 41 30 20 39 19 15 
178 61 43 24 8 0 35 3 
179 11 42 16 39 21 24 23 
180 47 42 13 6 17 19 31 
181 26 43 18 30 20 21 10 
182 10 44 17 32 18 5 37 
183 2 40 15 26 35 9 38 
184 74 41 3 35 18 12 13 
185 51 42 35 6 26 27 8 
186 5 40 26 10 35 39 5 
187 17 41 19 5 38 31 1 
188 72 45 26 38 8 14 12 
189 29 46 22 21 23 18 20 
190 17 45 6 38 35 9 18 
191 72 46 38 11 7 21 5 
192 41 41 39 18 27 37 25 
193 40 44 35 32 0 31 27 
194 70 42 13 27 7 14 15 
195 50 43 7 36 20 17 4 
196 45 44 36 26 13 33 39 
197 59 43 10 8 24 13 25 
198 11 44 12 35 26 24 18 
199 15 44 1 16 28 8 29 
200 18 43 24 0 21 30 5 
201 12 42 4 36 0 5 24 
202 74 44 23 12 22 37 7 
203 32 43 7 8 4 34 31 
204 73 45 2 1 17 36 11 
205 39 45 2 29 22 12 11 
206 8 42 3 39 14 10 33 
207 65 44 14 19 29 12 24 
208 52 44 28 8 21 39 31 
209 62 42 28 30 2 16 39 
210 4 44 2 32 12 27 26 
211 45 45 58 19 36 32 20 
212 47 41 0 22 26 37 39 
213 6 43 32 12 20 4 1 
214 35 44 12 20 25 19 22 
215 61 44 32 12 37 25 34 
216 50 45 20 36 14 8 16 
217 25 42 57 29 25 31 8 
218 30 43 29 7 36 26 20 
219 32 43 29 27 1 4 30 
220 36 44 36 17 1 26 18 
221 56 43 3 27 33 10 5 
222 64 44 26 34 30 8 9 
223 26 45 8 30 31 9 28 
224 66 45 22 12 39 14 28 
225 5 44 35 18 12 5 21 
226 42 47 37 0 39 3 14 
227 31 47 37 17 1 22 28 
228 75 47 37 36 28 25 39 
229 56 48 9 4 25 36 29 
230 25 46 18 26 27 9 29 
231 64 46 5 26 3 23 17 
232 8 46 2 29 26 28 3 
233 29 42 17 22 21 32 19 
234 29 44 38 29 34 6 2 
235 27 43 18 8 29 19 24 
236 20 44 21 1 8 29 16 
237 50 45 26 9 4 21 34 
238 26 44 24 20 22 38 19 
239 35 44 24 39 18 8 36 
240 67 43 20 24 18 28 27 
241 60 42 33 17 29 21 24 
242 27 43 7 33 8 15 36 
243 24 42 34 31 13 22 19 
244 19 44 1 8 39 5 21 
245 30 45 8 32 9 31 5 
246 53 43 17 19 4 31 2 
247 24 42 3 38 17 28 8 
248 1 40 3 15 8 24 17 
249 36 40 15 36 12 30 7 
250 49 46 32 9 19 35 39 
251 49 46 28 23 12 15 19 
252 35 45 4 3 5 15 20 
253 42 46 33 23 7 14 22 
254 10 46 3 26 0 28 17 
255 12 43 30 1 31 6 35 
256 75 45 31 12 25 16 26 
257 68 44 19 14 3 27 32 
258 35 46 19 23 26 4 22 
259 67 45 26 3 5 28 8 
260 56 45 0 2 10 14 16 
261 9 46 3 22 16 38 26 
262 52 45 6 18 22 20 28 
263 65 46 29 33 20 36 0 
264 63 45 24 29 3 19 27 
265 41 46 29 33 3 22 5 
266 10 47 7 1 19 2 27 
267 40 45 22 27 21 2 17 
268 39 43 9 35 27 23 21 
269 44 43 0 6 28 15 5 
270 14 44 27 24 23 32 30 
271 46 43 26 25 6 9 28 
272 30 43 35 25 15 39 21 
273 20 45 29 1 31 4 33 
274 60 47 13 10 27 28 33 
275 4 47 39 13 31 11 29 
276 31 46 16 8 20 18 17 
277 56 45 18 14 8 21 28 
278 6 44 30 23 17 25 15 
279 35 46 17 23 2 3 20 
280 5 43 27 11 34 13 8 
281 3 42 4 18 11 3 31 
282 30 43 12 23 9 32 17 
283 70 43 7 6 9 15 26 
284 58 45 23 9 7 22 3 
285 13 44 27 14 9 17 16 
286 21 45 22 16 38 17 19 
287 20 43 18 10 7 8 30 
288 35 44 10 37 24 36 3 
289 13 44 11 8 31 36 25 
290 32 43 38 7 18 33 27 
291 69 45 17 23 25 6 13 
292 66 44 6 35 2 24 11 
293 71 43 34 35 17 11 31 
294 75 42 1 35 6 27 32 
295 49 44 23 22 12 13 16 
296 48 43 17 31 3 8 5 
297 69 45 3 1 9 23 16 
298 38 43 18 5 3 34 9 
299 45 43 57 1 3 5 31 
300 55 47 21 24 15 16 28 
301 31 46 0 7 3 31 15 
302 20 48 37 11 12 26 21 
303 17 46 23 7 38 35 22 
304 27 47 24 69 5 11 26 
305 9 45 31 0 36 26 17 
306 3 47 36 15 23 28 27 
307 34 47 18 21 10 16 24 
308 43 43 32 19 0 39 33 
309 56 46 39 3 13 1 17 
310 57 44 5 22 35 20 17 
311 64 44 7 9 23 22 4 
312 22 45 24 2 23 39 18 
313 8 45 24 38 14 16 37 
314 56 45 7 23 3 4 11 
315 72 45 19 26 24 21 34 
316 16 43 0 25 19 12 22 
317 39 44 32 4 31 7 1 
318 40 46 21 2 22 4 13 
319 58 45 26 21 7 8 25 
320 14 48 37 29 1 2 21 
321 33 48 37 26 25 15 34 
322 57 42 22 26 38 7 34 
323 15 43 24 20 27 14 13 
324 3 43 38 5 4 37 17 
325 37 43 31 5 0 33 11 
326 17 43 39 24 34 3 23 
327 72 42 32 29 5 24 35 
328 50 44 4 1 7 2 14 
329 14 43 34 31 13 29 39 
330 35 43 31 12 1 11 22 
331 50 42 17 27 31 9 4 
332 31 47 21 14 39 30 25 
333 58 48 32 18 39 25 20 
334 42 48 35 16 20 27 39 
335 9 50 20 26 9 11 2 
336 32 49 21 39 0 13 31 
337 68 49 21 28 31 29 0 
338 9 49 11 5 10 8 25 
339 50 44 37 35 28 4 5 
340 69 43 21 37 26 15 12 
341 10 45 25 6 10 21 29 
342 17 44 37 27 31 7 11 
343 3 45 26 30 31 29 13 
344 12 46 19 13 27 24 12 
345 62 47 31 18 30 25 8 
346 52 47 31 14 16 0 18 
347 18 45 33 15 9 25 18 
348 72 44 18 7 15 17 10 
349 63 44 26 14 11 9 21 
350 54 43 16 15 14 24 29 
351 75 47 4 18 0 28 22 
352 71 45 23 16 25 27 31 
353 63 46 13 16 32 14 9 
354 73 47 25 30 26 39 38 
355 19 46 13 30 16 27 4 
356 31 47 24 2 14 12 23 
357 18 48 18 23 21 32 10 
358 22 46 9 24 30 13 38 
359 58 48 18 7 12 25 37 
360 22 46 19 31 29 4 3 
361 68 48 29 10 19 11 21 
362 42 46 12 8 4 16 31 
363 22 45 34 9 8 27 18 
364 51 44 57 5 19 38 13 
365 34 43 20 12 5 3 16 
366 42 43 57 0 5 22 4 
367 36 47 37 6 26 17 16 
368 67 48 7 19 28 35 3 
369 55 46 34 5 29 13 23 
370 57 46 24 29 36 6 9 
371 32 47 21 36 3 24 14 
372 61 43 4 33 10 11 15 
373 12 46 33 37 0 3 6 
374 26 46 33 38 19 10 35 
375 62 44 22 10 5 16 20 
376 68 46 19 14 24 27 39 
377 48 48 24 36 18 33 8 
378 59 47 12 20 9 34 11 
379 48 47 5 24 15 31 19 
380 5 45 16 37 39 27 5 
381 71 47 2 31 7 5 12 
382 65 45 31 34 39 36 27 
383 26 44 14 24 39 15 37 
384 42 43 22 37 16 34 39 
385 31 44 0 16 10 29 2 
386 67 45 30 39 6 9 2 
387 7 46 14 21 26 35 39 
388 29 46 15 13 26 36 4 
389 59 47 34 26 8 9 38 
390 28 46 7 27 8 38 17 
391 44 47 21 19 20 27 33 
392 44 46 38 23 32 21 9 
393 72 47 13 75 20 29 26 
394 17 44 18 39 8 34 11 
395 7 46 4 20 39 19 2 
396 53 44 37 23 4 6 25 
397 63 47 1 15 31 36 20 
398 62 47 28 22 14 27 0 
399 36 45 18 36 19 0 6 
400 12 47 32 22 15 0 16 
401 54 45 21 34 19 3 18 
402 22 46 0 25 5 7 27 
403 75 47 25 22 33 36 30 
404 2 47 25 39 14 12 20 
405 47 46 8 13 34 36 30 
406 38 47 25 8 19 38 1 
407 13 45 28 8 11 31 32 
408 12 45 21 8 22 11 32 
409 55 45 19 26 28 31 34 
410 63 46 5 20 36 29 12 
411 49 45 30 26 34 31 15 
412 20 46 5 20 34 6 15 
413 72 46 4 25 30 26 33 
414 21 45 36 1 30 7 21 
415 73 45 33 4 38 18 32 
416 68 46 29 5 34 13 7 
417 26 45 7 14 8 33 3 
418 38 48 9 20 10 25 39 
419 14 48 9 29 35 4 28 
420 53 49 28 9 32 13 10 
421 40 47 18 9 23 13 37 
422 73 47 57 9 4 7 20 
423 70 47 0 3 28 25 8 
424 64 48 14 27 28 11 33 
425 25 47 5 14 34 22 9 
426 26 46 10 29 21 23 33 
427 27 45 13 35 5 39 34 
428 74 50 27 14 13 5 10 
429 19 50 3 29 38 2 21 
430 30 49 29 23 14 34 11 
431 42 49 24 22 33 9 34 
432 9 49 1 18 28 9 5 
433 60 51 28 35 20 19 24 
434 35 50 25 35 29 17 23 
435 8 51 36 28 24 19 37 
436 3 49 9 39 37 12 24 
437 8 49 10 29 32 19 30 
438 70 49 17 29 23 15 33 
439 16 50 29 13 39 6 23 
440 21 47 7 39 23 0 36 
441 66 49 3 17 2 33 35 
442 64 50 17 31 7 28 21 
443 27 49 36 3 23 21 39 
444 33 45 31 19 16 36 30 
445 24 47 19 16 10 24 15 
446 25 47 34 21 11 12 35 
447 30 45 18 24 31 34 36 
448 25 46 24 22 10 26 31 
449 13 44 4 19 15 24 0 
450 57 44 4 31 19 22 28 
451 13 46 19 13 31 7 26 
452 12 43 0 27 22 26 30 
453 4 44 12 22 30 26 11 
454 39 47 5 28 12 4 3 
455 69 48 21 13 20 12 34 
456 1 46 2 14 31 35 27 
457 48 48 31 38 6 27 39 
458 7 48 33 5 23 6 34 
459 27 48 31 1 28 15 22 
460 63 44 6 35 31 37 38 
461 38 47 2 16 0 29 19 
462 61 47 2 13 10 33 24 
463 12 46 31 28 37 30 19 
464 50 43 24 8 27 0 30 
465 63 43 30 23 4 28 2 
466 54 44 7 9 35 17 15 
467 17 41 14 8 30 25 3 
468 14 44 7 16 20 17 39 
469 46 49 35 38 25 11 20 
470 9 49 16 39 17 28 34 
471 32 48 16 0 39 3 12 
472 46 48 32 35 39 5 9 
473 18 47 34 27 15 10 25 
474 41 48 33 17 22 10 30 
475 6 49 34 22 28 25 38 
476 70 49 14 4 10 23 11 
477 44 47 28 31 14 5 36 
478 40 48 21 28 29 2 14 
479 54 48 36 28 13 29 33 
480 60 50 17 24 20 16 9 
481 41 45 30 32 35 29 14 
482 29 45 18 6 24 16 0 
483 63 45 31 6 3 12 35 
484 1 49 26 18 22 28 1 
485 57 45 39 17 27 26 0 
486 2 46 37 10 32 31 19 
487 17 46 26 97 32 36 28 
488 8 46 18 27 33 31 38 
489 58 50 22 14 37 13 10 
490 71 50 22 23 38 6 18 
491 27 46 12 26 28 3 27 
492 68 47 29 28 13 1 38 
493 22 47 30 28 35 36 4 
494 69 47 19 14 38 5 34 
495 11 49 16 13 25 33 28 
496 3 47 2 14 37 4 13 
497 45 48 14 28 16 38 29 
498 69 48 57 38 23 2 33 
499 17 47 22 38 28 1 23 
500 2 49 28 37 30 34 13 
501 39 48 20 37 26 1 8 
502 7 47 8 34 28 38 27 
503 44 48 19 5 4 6 2 
504 54 48 22 6 5 9 12 
505 35 50 5 18 26 35 6 
506 44 50 21 27 38 37 17 
507 3 50 8 27 9 26 39 
508 24 49 18 1 27 17 20 
509 25 48 6 20 2 13 16 
510 44 46 6 29 2 3 24 
511 6 46 18 35 2 13 3 
512 47 44 1 25 23 38 18 
513 2 46 35 5 2 39 8 
514 13 46 15 3 13 31 28 
515 33 45 37 18 5 0 25 
516 17 45 30 15 39 19 21 
517 5 47 32 13 19 30 6 
518 72 47 38 30 36 34 39 
519 62 48 30 39 19 38 9 
520 4 44 22 18 39 11 33 
521 57 46 39 17 20 3 26 
522 63 45 31 39 15 29 3 
523 1 46 15 21 32 37 14 
524 59 49 33 15 13 30 37 
525 11 49 33 25 2 24 11 
526 12 50 28 7 29 25 10 
527 2 49 26 1 33 38 34 
528 24 50 28 27 24 4 19 
529 15 46 12 6 21 22 4 
530 45 47 12 16 28 26 8 
531 60 48 98 28 6 17 37 
532 60 47 20 15 4 7 10 
533 33 46 22 25 3 32 9 
534 39 47 25 0 13 14 19 
535 17 46 14 25 3 34 32 
536 12 50 20 3 1 38 6 
537 11 48 24 3 20 38 0 
538 23 49 3 17 1 10 13 
539 29 48 11 3 13 18 20 
540 45 45 31 14 8 23 1 
541 24 45 34 13 38 32 31 
542 47 45 21 33 8 5 27 
543 19 45 8 32 35 0 37 
544 34 45 1 32 0 12 19 
545 67 46 32 8 11 2 18 
546 32 44 33 26 15 6 10 
547 73 48 12 3 2 23 36 
548 48 48 22 29 19 9 25 
549 64 47 32 22 15 33 8 
550 31 47 17 8 19 3 28 
551 39 49 19 7 29 27 11 
552 23 47 12 17 1 29 19 
553 46 48 17 26 39 13 19 
554 16 46 37 2 17 16 34 
555 31 47 30 17 13 2 9 
556 38 45 5 3 30 29 19 
557 69 45 14 8 1 30 20 
558 62 45 37 31 30 13 24 
559 5 47 28 3 34 24 19 
560 17 45 8 22 36 15 0 
561 39 47 3 25 29 7 32 
562 23 48 25 0 26 9 28 
563 55 49 13 14 28 17 30 
564 69 48 11 34 36 22 4 
565 2 47 13 11 23 8 14 
566 60 45 0 11 9 38 14 
567 40 45 4 32 15 29 7 
568 72 44 57 27 28 8 17 
569 38 45 27 31 8 24 17 
570 69 47 5 28 34 4 18 
571 60 47 5 35 24 19 0 
572 61 45 34 8 6 23 10 
573 42 47 2 23 20 38 34 
574 16 49 16 5 11 38 4 
575 75 47 35 29 16 3 23 
576 27 47 12 23 16 20 5 
577 14 45 38 19 9 32 24 
578 35 46 29 9 3 8 32 
579 59 44 14 36 5 24 20 
580 17 45 39 22 31 23 35 
581 30 45 22 5 33 29 20 
582 24 46 9 31 7 17 34 
583 7 49 18 38 28 36 15 
584 35 49 29 7 28 26 0 
585 36 51 28 11 19 39 13 
586 72 49 36 15 2 0 33 
587 8 50 15 20 10 25 32 
588 5 48 18 31 9 21 5 
589 33 49 24 19 26 15 9 
590 38 48 21 36 22 26 20 
591 41 50 22 5 7 23 30 
592 22 49 35 31 12 7 14 
593 25 50 22 15 19 16 26 
594 68 49 16 11 37 10 25 
595 37 51 26 30 22 4 28 
596 68 49 25 16 26 4 13 
597 58 48 33 15 11 29 31 
598 70 46 11 27 26 0 6 
599 19 46 39 12 26 16 23 
600 21 47 8 26 20 19 21 
601 20 49 26 16 33 31 35 
602 32 46 23 33 3 9 24 
603 26 46 39 15 28 8 12 
604 35 44 32 6 39 35 27 
605 49 45 21 39 6 19 0 
606 48 48 17 1 33 36 39 
607 51 47 12 17 1 37 32 
608 27 48 31 6 17 16 30 
609 15 47 16 39 1 3 35 
610 23 48 17 23 33 29 7 
611 26 46 18 20 4 10 39 
612 27 47 37 39 38 25 27 
613 48 47 11 12 18 20 37 
614 45 46 20 16 39 37 6 
615 33 49 18 37 3 12 32 
616 11 49 37 28 20 4 22 
617 68 49 37 9 7 27 31 
618 13 47 38 16 23 13 26 
619 56 48 4 9 20 27 26 
620 50 48 4 16 13 26 27 
621 47 47 23 21 25 13 6 
622 58 48 21 25 0 38 28 
623 56 48 21 38 37 29 19 
624 29 46 14 22 1 27 39 
625 26 49 4 17 14 20 23 
626 61 47 39 8 29 1 28 
627 20 50 9 2 21 6 11 
628 7 52 34 23 7 22 2 
629 48 50 6 21 34 19 31 
630 50 52 34 19 29 38 30 
631 38 49 38 5 15 32 14 
632 33 45 32 34 22 33 30 
633 13 45 7 27 34 29 2 
634 61 44 33 7 3 36 8 
635 14 44 27 17 14 35 33 
636 7 47 17 20 29 33 32 
637 42 46 4 17 34 28 29 
638 51 44 35 57 37 31 8 
639 50 46 37 38 34 33 15 
640 15 45 30 33 32 28 36 
641 35 45 23 33 14 12 19 
642 44 44 37 20 33 30 7 
643 8 45 34 99 11 31 10 
644 46 45 24 1 20 15 16 
645 33 48 14 10 2 13 6 
646 75 48 14 6 16 7 10 
647 35 45 27 29 8 31 20 
648 21 45 18 29 24 39 21 
649 46 46 29 23 39 38 3 
650 47 45 36 11 10 19 32 
651 74 45 20 11 8 7 37 
652 29 44 23 14 11 39 38 
653 55 49 18 37 25 39 15 
654 16 50 31 25 0 1 32 
655 2 49 24 17 25 11 16 
656 27 49 13 8 25 32 30 
657 14 49 3 11 27 32 12 
658 31 50 9 14 39 3 32 
659 31 51 31 39 25 24 34 
660 9 50 16 32 39 37 18 
661 67 54 2 5 4 20 24 
662 56 51 36 26 11 34 9 
663 51 52 8 11 20 15 12 
664 66 52 27 11 12 36 4 
665 74 52 22 0 34 27 23 
666 8 52 8 31 35 34 22 
667 64 51 24 8 16 29 26 
668 75 53 25 22 9 29 5 
669 21 51 34 24 25 20 22 
670 4 46 15 13 12 5 19 
671 68 45 26 15 36 24 25 
672 45 46 10 20 21 2 37 
673 50 48 21 38 7 11 22 
674 5 47 2 21 1 27 10 
675 35 47 0 21 24 32 26 
676 73 46 18 3 11 28 38 
677 33 48 29 24 8 3 5 
678 22 47 21 29 8 15 4 
679 42 47 20 22 13 28 9 
680 32 49 8 12 32 9 36 
681 60 49 2 12 25 14 24 
682 66 50 12 9 32 39 22 
683 28 48 22 24 18 35 12 
684 57 48 16 12 25 39 34 
685 47 48 33 12 25 34 26 
686 11 50 3 8 27 34 24 
687 69 50 25 37 1 20 7 
688 38 48 21 9 0 24 6 
689 10 49 21 0 16 35 4 
690 66 51 18 11 15 27 14 
691 48 48 39 28 0 10 24 
692 29 47 7 3 18 11 8 
693 49 49 18 25 22 23 20 
694 31 48 25 39 28 2 22 
695 63 47 17 37 3 16 15 
696 27 45 21 12 9 36 24 
697 37 46 11 3 21 15 37 
698 61 45 28 9 29 7 32 
699 54 45 33 24 38 21 19 
700 9 48 4 37 28 0 21 
701 43 48 10 31 21 4 11 
702 3 47 19 30 31 24 8 
703 9 48 28 14 27 4 34 
704 32 49 14 17 13 33 22 
705 27 51 38 7 25 21 39 
706 45 48 34 35 39 10 28 
707 35 49 27 13 15 11 25 
708 71 47 25 15 27 10 18 
709 10 50 4 6 17 8 2 
710 33 48 32 23 12 14 9 
711 7 49 3 37 23 20 38 
712 74 51 34 10 22 24 5 
713 43 51 37 10 32 12 19 
714 68 52 10 1 37 0 35 
715 47 48 3 11 38 23 10 
716 56 50 8 25 28 39 22 
717 10 50 34 25 30 10 24 
718 75 50 8 32 37 7 35 
719 73 50 3 1 26 9 18 
720 46 48 26 24 3 11 4 
721 33 50 3 0 34 8 4 
722 22 48 14 17 3 0 12 
723 22 47 24 28 16 33 29 
724 25 49 16 38 14 19 12 
725 12 47 2 15 16 33 23 
726 21 49 18 17 3 37 25 
727 40 47 7 30 18 37 34 
728 9 47 32 31 18 15 24 
729 72 47 17 27 2 8 34 
730 7 47 16 13 21 4 17 
731 3 45 15 29 38 3 35 
732 55 47 38 4 31 16 29 
733 56 46 9 39 13 23 2 
734 29 46 22 30 16 10 28 
735 18 51 16 5 30 6 18 
736 53 50 17 35 34 39 19 
737 3 49 29 17 36 13 9 
738 25 50 17 37 31 23 18 
739 55 50 6 35 29 36 39 
740 52 50 24 35 11 27 28 
741 35 49 9 0 35 26 4 
742 1 47 3 9 13 14 32 
743 32 50 9 27 29 33 7 
744 56 47 35 36 6 15 27 
745 46 48 33 6 5 21 24 
746 54 49 5 24 22 15 16 
747 20 50 2 14 37 8 25 
748 25 50 0 14 19 30 35 
749 14 49 9 8 14 11 3 
750 42 47 15 5 21 39 22 
751 7 46 6 15 30 11 12 
752 53 47 15 34 13 30 10 
753 69 50 6 32 1 28 17 
754 8 49 3 1 30 7 5 
755 49 49 3 38 16 14 28 
756 7 49 17 35 34 7 25 
757 73 50 35 30 21 12 11 
758 27 50 35 20 11 24 4 
759 33 48 7 27 36 2 22 
760 2 47 22 7 27 8 4 
761 50 48 2 3 39 33 23 
762 39 52 8 0 33 17 4 
763 45 52 8 14 23 30 4 
764 34 50 36 33 0 7 22 
765 56 51 11 32 7 30 34 
766 50 48 57 38 34 2 27 
767 45 49 57 34 19 6 29 
768 38 50 19 11 20 3 36 
769 53 49 18 31 5 12 10 
770 31 50 31 7 22 4 33 
771 49 50 31 28 21 24 36 
772 38 50 31 26 27 37 9 
773 32 47 7 37 5 23 6 
774 41 47 27 25 5 38 23 
775 68 48 27 29 17 3 2 
776 5 50 5 35 23 24 12 
777 51 51 12 23 17 15 36 
778 41 48 37 19 5 8 30 
779 68 51 12 36 37 24 9 
780 12 48 9 27 5 14 19 
781 57 48 15 27 32 19 11 
782 55 49 27 11 10 0 8 
783 46 48 37 18 2 5 26 
784 28 44 30 10 34 29 0 
785 32 45 39 34 24 26 18 
786 9 45 5 38 39 24 8 
787 29 46 57 29 32 10 13 
788 3 46 22 3 2 38 24 
789 33 46 31 25 9 13 17 
790 30 49 36 26 11 31 4 
791 72 49 1 9 23 19 10 
792 38 49 38 27 8 6 29 
793 46 50 27 30 22 20 13 
794 66 49 38 25 26 15 7 
795 49 49 22 24 26 13 38 
796 50 48 14 13 29 25 0 
797 7 49 21 6 26 5 4 
798 63 46 26 34 29 15 35 
799 44 47 39 4 19 18 28 
800 51 50 2 8 36 26 0 
801 64 49 19 8 0 6 30 
802 19 49 19 39 25 31 4 
803 13 47 11 25 28 22 3 
804 42 46 2 0 25 37 18 
805 66 49 9 36 17 6 7 
806 75 49 6 22 20 30 9 
807 70 49 36 27 33 20 15 
808 71 48 0 22 3 26 10 
809 14 46 16 22 0 28 15 
810 64 47 29 12 6 3 9 
811 45 49 6 34 31 5 7 
812 23 48 55 22 0 26 17 
813 26 49 18 33 2 3 13 
814 52 47 3 2 18 36 15 
815 40 49 18 5 19 26 34 
816 43 48 8 18 20 34 24 
817 58 49 31 18 30 10 29 
818 72 48 18 37 36 32 11 
819 58 50 36 17 20 27 11 
820 17 51 20 3 6 28 21 
821 72 49 15 34 20 4 26 
822 36 48 5 20 12 19 4 
823 12 49 35 12 26 29 10 
824 2 50 7 1 6 10 36 
825 36 50 38 6 10 31 21 
826 55 48 9 32 38 12 0 
827 33 46 11 34 31 37 35 
828 44 46 11 21 31 23 8 
829 18 47 30 27 32 33 23 
830 71 47 1 26 32 6 16 
831 61 49 34 17 26 36 3 
832 45 47 10 9 34 37 38 
833 13 49 58 12 13 15 28 
834 72 49 29 23 25 37 36 
835 72 50 12 2 38 6 9 
836 49 49 21 8 15 20 17 
837 11 46 21 19 7 36 16 
838 17 48 7 24 33 10 34 
839 20 49 32 6 28 22 8 
840 75 47 10 18 9 29 26 
841 49 48 18 12 17 19 26 
842 37 46 4 15 18 24 3 
843 48 50 7 20 27 32 37 
844 73 48 27 13 7 14 1 
845 1 48 38 13 26 18 21 
846 38 49 13 32 27 3 23 
847 31 51 25 23 9 3 31 
848 55 51 4 14 37 24 6 
849 10 49 18 31 4 11 35 
850 30 51 34 26 10 13 38 
851 49 49 1 2 37 6 26 
852 65 50 100 37 23 20 1 
853 52 49 5 38 37 22 18 
854 59 48 34 36 13 22 11 
855 47 49 14 5 20 27 11 
856 33 51 20 38 29 2 16 
857 16 49 36 7 8 2 11 
858 30 51 8 11 19 29 13 
859 70 49 1 19 11 5 27 
860 30 50 14 9 35 4 3 
861 14 48 15 18 22 27 14 
862 4 49 23 18 35 13 7 
863 49 49 23 8 14 6 27 
864 53 48 37 7 33 3 29 
865 9 49 23 20 32 7 17 
866 38 53 34 21 12 37 33 
867 22 51 5 7 2 26 22 
868 41 53 2 32 7 10 15 
869 49 51 23 34 8 32 5 
870 45 52 34 26 2 24 31 
871 54 51 2 9 35 23 0 
872 32 54 30 24 6 25 38 
873 18 55 37 32 28 4 15 
874 74 53 6 29 37 19 33 
875 58 54 19 29 28 30 21 
876 42 52 19 21 37 5 33 
877 5 52 19 13 15 17 20 
878 25 53 30 2 7 32 10 
879 10 53 33 37 3 12 19 
880 18 51 7 4 33 29 3 
881 26 50 23 8 15 13 25 
882 28 51 38 15 26 18 24 
883 30 53 3 23 21 26 29 
884 50 53 4 23 9 29 33 
885 45 53 38 23 3 31 16 
886 36 54 23 12 20 29 1 
887 48 50 0 8 26 9 16 
888 75 48 31 35 0 39 1 
889 13 53 28 8 20 39 31 
890 73 54 21 36 13 5 4 
891 17 52 11 39 7 38 20 
892 33 46 7 10 36 38 22 
893 56 49 30 20 3 19 1 
894 19 47 13 36 6 0 3 
895 60 49 30 27 0 32 8 
896 16 50 36 15 7 17 27 
897 28 48 22 36 31 18 17 
898 34 46 5 12 34 20 19 
899 65 49 36 2 5 1 13 
900 51 47 26 34 36 18 31 
901 36 46 0 24 29 23 25 
902 29 48 0 25 27 12 5 
903 6 46 7 22 27 31 32 
904 55 45 32 21 22 12 27 
905 32 47 0 2 7 34 3 
906 12 48 33 35 26 23 19 
907 33 47 14 10 7 36 37 
908 31 45 32 29 30 8 38 
909 28 47 6 11 35 17 33 
910 44 47 10 11 38 25 2 
911 4 46 29 27 11 1 0 
912 46 46 20 26 2 16 23 
913 24 50 6 25 34 1 7 
914 62 52 34 29 6 3 4 
915 28 50 17 20 34 7 5 
916 66 47 13 0 35 17 10 
917 73 47 36 23 35 38 26 
918 72 49 35 15 17 19 9 
919 65 47 31 19 35 26 36 
920 28 50 37 36 39 32 14 
921 41 50 6 27 14 30 26 
922 50 49 30 11 27 17 22 
923 46 50 27 38 39 35 22 
924 20 51 6 7 30 37 25 
925 17 51 15 7 16 0 11 
926 52 49 37 18 15 29 1 
927 42 49 26 31 15 17 2 
928 16 48 38 2 19 16 34 
929 7 47 37 15 16 39 9 
930 42 46 35 22 38 37 14 
931 61 45 38 11 37 1 2 
932 16 49 10 30 19 11 29 
933 31 50 29 10 32 39 20 
934 38 50 11 24 31 29 36 
935 61 49 19 33 30 32 28 
936 18 49 30 15 14 10 28 
937 16 49 22 19 16 37 21 
938 28 44 12 0 28 5 36 
939 44 45 10 25 2 17 26 
940 24 45 20 28 21 31 39 
941 44 45 3 28 31 26 9 
942 59 46 0 17 6 9 32 
943 16 48 15 17 27 14 5 
944 38 47 17 19 21 26 2 
945 49 46 32 17 7 38 30 
946 47 47 7 39 16 22 33 
947 74 46 30 17 21 22 20 
948 57 47 30 39 20 0 9 
949 4 47 34 39 5 28 33 
950 28 45 0 30 17 33 24 
951 30 45 2 9 17 33 18 
952 6 46 19 10 39 21 8 
953 26 48 39 7 21 35 0 
954 9 52 11 33 25 2 5 
955 19 51 4 33 20 1 6 
956 50 52 28 36 31 39 11 
957 33 52 28 15 24 9 34 
958 36 52 28 11 34 18 0 
959 10 53 34 18 27 8 9 
960 68 51 5 24 2 23 22 
961 12 49 32 10 22 12 21 
962 5 52 25 17 20 30 3 
963 58 52 18 11 37 21 22 
964 59 51 35 25 11 1 30 
965 20 52 23 3 4 14 16 
966 70 53 11 32 33 31 1 
967 28 48 19 21 5 14 0 
968 20 51 2 7 30 31 3 
969 72 50 57 2 17 4 13 
970 51 50 32 6 14 4 5 
971 68 50 30 2 33 29 10 
972 71 51 37 19 16 38 3 
973 41 51 14 26 16 34 28 
974 68 53 16 22 24 12 35 
975 15 52 5 8 9 11 20 
976 4 46 5 2 29 7 0 
977 2 48 11 14 35 34 32 
978 2 47 20 29 7 19 23 
979 30 46 3 10 29 22 35 
980 5 47 13 23 0 34 38 
981 52 47 25 13 0 30 1 
982 15 49 0 18 9 28 20 
983 63 47 11 16 7 6 22 
984 37 51 14 28 26 33 15 
985 24 51 16 28 29 26 25 
986 9 53 1 19 25 11 16 
987 68 48 14 0 20 15 13 
988 75 47 32 26 1 23 39 
989 3 49 0 33 24 22 3 
990 20 48 26 19 32 17 18 
991 28 47 2 38 31 14 4 
992 14 48 9 31 30 7 4 
993 37 49 23 19 6 17 30 
994 6 48 32 6 19 27 5 
995 52 50 28 16 37 21 19 
996 40 50 28 35 8 17 25 
997 59 49 20 38 2 39 6 
998 58 48 24 31 38 3 11 
999 38 53 13 18 16 39 22 
1000 35 52 20 13 9 10 15 
1001 9 52 8 13 38 20 11 
1002 39 52 3 13 24 11 29 
