0 33 8 5 7 16 29 8 
1 22 9 2 6 29 22 23 
2 16 10 38 29 3 1 19 
3 73 10 14 27 8 20 13 
4 8 11 26 14 1 11 2 
5 44 13 1 10 20 26 39 
6 3 11 3 13 1 26 36 
7 61 13 1 27 34 10 29 
8 68 13 20 1 18 23 38 
9 66 17 39 8 17 36 19 
10 64 13 2 6 36 4 15 
11 56 13 12 16 36 11 27 
12 32 14 26 6 2 12 20 
13 31 14 26 15 23 34 29 
14 53 15 11 10 18 20 31 
15 71 17 29 24 17 33 18 
16 53 16 10 16 8 25 12 
17 52 15 39 10 17 6 3 
18 16 17 15 19 9 25 37 
19 55 16 21 15 29 6 1 
20 27 15 33 11 31 5 15 
21 53 17 12 35 0 19 17 
22 42 16 20 34 1 33 11 
23 52 16 24 34 19 10 27 
24 10 16 4 15 29 8 1 
25 24 15 0 10 34 24 19 
26 64 17 5 20 34 28 6 
27 46 16 16 19 20 5 35 
28 18 18 0 31 37 25 28 
29 55 17 22 17 25 35 23 
30 32 16 36 33 6 0 30 
31 25 16 35 13 6 4 14 
32 56 17 8 20 3 29 0 
33 37 17 25 6 14 39 35 
34 72 19 2 17 37 21 22 
35 43 18 31 33 1 5 9 
36 65 18 38 6 25 27 39 
37 63 17 29 25 15 3 17 
38 45 19 33 3 13 36 29 
39 19 17 14 17 33 13 19 
40 35 20 11 25 6 19 9 
41 42 20 11 12 6 27 18 
42 1 19 8 30 37 20 1 
43 47 19 34 1 32 23 20 
44 36 17 11 24 16 19 32 
45 43 16 32 17 24 6 3 
46 69 18 37 19 18 23 21 
47 19 19 8 1 6 19 35 
48 45 19 36 35 33 24 0 
49 26 19 5 13 36 11 25 
50 57 19 30 32 25 21 14 
51 30 20 31 25 24 5 29 
52 69 21 6 28 17 22 15 
53 32 19 11 4 25 16 35 
54 62 21 23 8 35 1 26 
55 57 19 18 30 23 5 35 
56 14 20 22 23 0 21 12 
57 32 18 16 4 6 8 18 
58 21 17 19 17 4 31 3 
59 48 18 18 38 14 17 20 
60 72 19 39 29 23 15 3 
61 37 19 21 29 15 34 17 
62 2 20 12 35 3 6 18 
63 9 19 19 39 8 21 23 
64 42 19 28 39 25 29 27 
65 2 23 22 27 33 0 2 
66 52 22 21 33 3 39 37 
67 72 21 36 9 39 2 37 
68 12 20 17 19 9 13 28 
69 59 22 39 1 35 11 19 
70 69 20 15 27 37 3 32 
71 44 19 24 12 27 7 25 
72 55 20 3 36 6 13 32 
73 43 20 34 17 9 38 21 
74 9 18 35 16 3 5 33 
75 45 20 3 1 8 18 26 
76 23 21 0 16 29 13 9 
77 33 23 29 32 23 0 37 
78 40 19 11 18 19 26 1 
79 31 21 19 13 15 8 36 
80 44 21 2 22 27 36 35 
81 34 21 37 50 20 29 10 
82 8 20 11 7 23 37 6 
83 48 19 57 19 3 11 12 
84 34 20 19 33 9 13 31 
85 38 20 3 32 29 4 22 
86 63 20 21 32 12 23 25 
87 14 18 7 14 3 2 37 
88 7 21 23 16 5 33 32 
89 24 20 22 1 21 18 11 
90 14 20 31 2 21 39 0 
91 70 20 31 23 38 19 25 
92 39 23 35 13 9 24 12 
93 71 21 32 24 11 27 38 
94 40 22 11 27 4 6 36 
95 70 22 68 25 22 37 2 
96 6 22 21 7 16 38 19 
97 26 20 36 1 21 39 19 
98 58 21 12 8 14 21 7 
99 63 20 37 17 21 1 22 
