0 35 15 27 25 24 32 28 
1 60 19 28 5 14 34 27 
2 16 17 7 32 20 14 22 
3 58 16 13 20 32 18 2 
4 3 16 38 31 32 17 10 
5 53 20 17 9 34 25 32 
6 50 23 27 37 22 20 16 
7 36 20 14 36 32 16 37 
8 25 19 12 14 1 18 36 
9 18 18 50 18 35 32 36 
10 50 18 38 17 4 8 6 
11 55 17 6 21 17 15 26 
12 55 18 16 12 10 3 11 
13 48 26 26 16 0 8 34 
14 30 27 16 38 23 30 20 
15 30 26 20 21 18 6 33 
16 17 24 9 13 20 1 12 
17 39 19 28 27 32 7 1 
18 49 19 36 13 8 3 31 
19 7 21 26 16 12 39 0 
20 21 19 18 15 36 26 12 
21 34 20 15 37 35 9 16 
22 21 28 21 1 34 20 15 
23 47 27 4 38 8 21 12 
24 13 31 20 33 16 21 5 
25 9 31 20 33 18 16 31 
26 39 27 1 7 15 11 39 
27 29 27 2 12 1 5 10 
28 74 22 5 1 18 12 16 
29 32 22 7 30 32 2 37 
30 61 22 6 1 11 29 13 
31 22 21 27 35 12 36 26 
32 28 21 25 26 12 16 6 
33 16 22 33 25 16 20 18 
34 60 29 16 13 20 25 3 
35 50 29 31 21 20 30 19 
36 5 32 22 15 21 37 8 
37 4 33 33 19 5 16 23 
38 57 33 23 21 22 30 27 
39 62 29 10 12 39 14 35 
40 19 30 5 24 37 2 19 
41 38 24 58 25 16 31 28 
42 16 24 23 7 37 0 8 
43 18 25 32 37 18 25 31 
44 66 24 3 2 0 12 38 
45 10 25 26 1 25 24 23 
46 51 24 25 26 1 30 35 
47 52 23 8 16 13 21 3 
48 15 24 36 20 12 23 15 
49 30 25 21 18 2 25 1 
50 66 33 3 34 8 7 1 
51 16 31 9 4 3 20 32 
52 39 33 19 36 26 5 22 
53 23 31 17 15 19 11 0 
54 1 31 37 30 1 18 10 
55 41 32 30 31 16 5 14 
56 33 36 8 22 15 3 24 
57 59 34 23 37 8 15 2 
58 74 32 14 38 12 28 21 
59 31 32 28 35 26 11 3 
60 46 30 1 4 14 39 33 
61 9 34 19 15 11 1 33 
62 22 28 28 22 7 31 3 
63 68 26 0 35 38 13 25 
64 67 28 38 36 2 24 34 
65 34 27 9 38 8 26 0 
66 15 28 35 23 14 11 8 
67 42 25 57 27 30 20 15 
68 71 27 30 21 20 37 33 
69 3 27 9 15 6 3 4 
70 17 26 7 23 32 17 0 
71 53 26 27 23 38 7 32 
72 8 27 5 25 14 21 8 
73 56 36 21 1 24 39 26 
74 55 34 35 8 7 36 20 
75 51 35 57 7 23 35 37 
76 25 33 29 20 33 16 24 
77 31 36 5 21 11 27 30 
78 14 36 12 22 0 15 29 
79 33 34 11 6 22 2 5 
80 70 34 0 5 24 15 39 
81 42 36 14 22 1 38 6 
82 44 34 18 5 12 33 25 
83 6 34 38 5 22 28 25 
84 26 37 15 4 22 37 21 
85 41 36 30 14 2 0 37 
86 34 34 4 28 12 19 3 
87 27 36 21 12 17 9 1 
88 37 34 33 11 21 20 17 
89 12 34 57 11 25 19 17 
90 22 33 8 0 11 18 35 
91 50 32 26 39 20 34 23 
92 68 34 33 4 14 28 25 
93 23 29 23 35 31 0 18 
94 72 32 3 39 15 14 17 
95 60 29 13 29 9 8 7 
96 62 28 24 27 25 26 31 
97 19 30 33 24 31 18 0 
98 40 32 34 13 23 1 9 
99 62 31 24 5 23 31 3 
