0 4 17 17 25 7 15 21 
1 33 20 31 21 7 9 37 
2 9 20 15 38 25 8 27 
3 70 19 11 18 21 28 25 
4 44 21 10 25 9 34 33 
5 53 24 37 32 18 15 38 
6 34 24 37 32 27 21 23 
7 20 23 9 14 32 2 30 
8 24 23 8 5 15 4 7 
9 31 23 8 19 30 15 1 
10 38 22 28 27 39 15 19 
11 35 22 29 25 24 34 20 
12 23 22 28 26 10 38 6 
13 21 20 10 38 28 30 27 
14 71 23 0 3 33 34 18 
15 12 24 15 33 28 9 34 
16 50 24 34 16 39 14 13 
17 40 23 36 34 35 22 1 
18 16 28 38 3 28 11 31 
19 14 25 33 15 19 9 21 
20 48 26 15 20 22 12 11 
21 9 25 23 15 24 16 17 
22 32 26 50 1 4 32 27 
23 33 23 10 34 15 18 24 
24 41 24 29 0 19 14 23 
25 74 23 33 34 15 39 31 
26 35 26 19 33 26 36 23 
27 24 23 26 15 34 0 9 
28 51 24 6 34 27 0 28 
29 15 24 33 38 20 22 4 
30 39 25 34 27 0 33 21 
31 2 24 12 38 37 29 3 
32 22 24 16 38 24 5 35 
33 17 24 2 38 15 14 24 
34 10 24 32 38 26 14 20 
35 72 24 27 19 30 31 7 
36 30 22 9 30 16 1 13 
37 72 27 18 3 30 13 23 
38 22 24 3 29 34 27 36 
39 27 27 9 18 0 12 32 
40 62 28 34 32 26 9 7 
41 48 27 26 34 36 3 39 
42 33 26 10 19 34 3 23 
43 12 26 35 28 13 37 22 
44 33 25 35 22 32 0 1 
45 23 24 0 14 22 32 27 
46 33 31 21 31 27 9 3 
47 51 31 29 31 23 3 24 
48 39 31 11 1 24 3 37 
49 38 28 16 8 4 36 29 
50 29 26 6 36 16 18 22 
51 44 28 16 6 17 10 12 
52 56 28 16 27 35 3 12 
53 75 27 19 23 21 27 38 
54 59 28 23 14 27 25 17 
55 52 26 0 14 25 11 17 
56 48 25 26 39 17 38 11 
57 9 24 3 5 39 34 13 
58 1 30 23 19 29 38 26 
59 41 28 11 36 13 26 19 
60 2 30 23 22 25 31 32 
61 44 25 18 0 30 31 28 
62 23 24 15 28 0 17 35 
63 6 25 14 0 19 16 6 
64 20 27 31 28 10 29 39 
65 2 26 31 32 28 23 39 
66 8 26 68 31 28 9 26 
67 65 28 29 21 3 24 1 
68 19 26 1 29 33 35 36 
69 49 26 8 5 33 32 34 
70 44 28 33 21 39 9 15 
71 6 25 36 37 29 25 24 
72 56 28 3 10 22 36 14 
73 64 25 14 57 29 8 37 
74 2 27 5 27 8 7 0 
75 10 27 5 23 4 33 39 
76 31 27 5 22 30 28 25 
77 45 27 26 35 33 4 21 
78 73 28 24 15 11 2 21 
79 64 25 0 4 14 34 12 
80 20 25 38 22 14 32 9 
81 4 27 14 17 30 20 37 
82 73 27 27 7 32 24 11 
83 51 28 7 4 31 17 33 
84 5 26 0 31 39 9 5 
85 75 24 57 1 14 4 11 
86 75 25 8 13 0 34 5 
87 3 26 13 19 25 38 7 
88 2 24 24 1 22 28 25 
89 42 31 23 19 29 32 5 
90 60 27 27 6 20 34 35 
91 45 30 6 32 39 31 26 
92 37 30 12 31 13 17 1 
93 75 31 32 24 7 35 18 
94 9 29 36 3 6 18 30 
95 3 28 2 10 3 31 22 
96 44 29 3 35 34 20 18 
97 65 26 3 21 27 15 8 
98 34 27 19 27 3 6 8 
99 56 26 4 32 17 36 39 
